-3.2207   43.6585   22.8318    4.9375   -3.62497   8.11741  23.2656
  66.42775  33.8785    9.6328   67.34463 -44.5955  -22.416     6.2001
 -42.4667  -26.50499  35.602   -49.2658  -13.5547   46.51738  34.9701
  73.47243 -29.4805  -14.1387  -48.2657  -62.5315   26.8637  -17.0898
  -4.4668    2.7599    9.5508    6.1816   17.2125  -38.5137   15.389
 -10.38596  61.38536 -31.5823   -6.12891  23.57279   9.5976   25.6769
  -5.6865   10.87053 -18.7153   48.8978   43.9011   67.01707   0.957
   9.5805    1.0156   67.3034  -16.19144  10.6616   18.28491  11.566
 -67.78464 -13.86728 -34.9424   16.066    11.994    21.3852  -19.93235
  67.37619 -22.07049  61.59411 -19.7928    8.14047 -59.90745  40.5664
  17.0684  -12.4606   49.1761   28.6689  -46.19195   1.1231   23.7422
  14.8438   61.42794  22.04     60.46133 -43.87454  -1.3144   47.87968
 -16.9543   -2.0254  -73.4464   15.3204  -37.4043   11.95    -43.2589
  51.5625  -28.7475   -5.2266   61.70299  27.6704  -71.3069  -13.29685
 -24.5586    5.09225  37.2864   47.1607   15.773    13.5018  -58.7402
  75.42988 -33.5508  -66.6249  -30.6134  -70.005    35.9665