354.80469 262.67029  79.7333  120.4922   90.41211 321.99111  34.6953
  50.15153  58.6856  339.92969 284.1637  199.77888 279.16211 214.7657
  23.5883  222.95444 166.20261  62.2342  299.85349 344.60889 207.414
 349.84981 293.69711 333.96091 217.8089   72.3482  122.4312   26.1562
 351.37109  17.29907  38.6349   45.9414   26.3533   58.3867  151.6073
 194.91659 276.34058 157.112    18.08978   4.52681 189.82571  82.3794
 157.86861 162.07407 196.7011  183.0782  235.6823  359.65047 341.23441
 162.5036  143.1172  136.0229  109.05066  26.70697 246.27397 192.05659
 238.82208 173.44308 287.46719  46.893   111.1953  108.6055   57.03722
  31.44535 244.51614  32.48777 117.3492  282.30728  72.99654  72.6523
  89.709   210.4856   63.4718  176.32069  42.31451 200.5215  312.50781
 322.70511 107.86317 196.6895  174.27336 143.27432  81.3672  205.74301
  93.9132   46.9609  254.32788 250.8073  131.86929 266.44049 348.71469
  10.50508 227.3152  123.2461   50.30963 211.375   162.4193  329.92261
 296.18549 166.10034 185.03419 113.0449  177.3261  234.3166  122.8047
 140.91393  59.0285  128.64841 145.6147  302.42249 102.8675